8.771882347864825569e-01
2.395599027856842034e-01
1.257560451910519628e-01
4.548677946364499403e-01
5.308387776666795288e-01
5.517326678815313024e-01
4.114495797688371703e-01
4.936303990216093229e-01
4.705642760311150585e-01
4.175130407667880239e-01
5.071327277924857907e-02
3.677053398852218602e-01
5.419320182999174396e-01
2.175535258791370108e-01
8.566137465598855361e-02
9.076032357075903834e-01
7.293419852795240965e-01
7.649220065573866245e-01
8.897716158698609767e-01
3.351066072089237124e-01
1.339665387581218392e-01
5.907409352146373305e-01
4.689690550891351117e-01
8.088354949200088351e-02
6.118837886084258493e-01
5.999519567584835622e-01
8.066904537534295150e-01
8.597010542654835719e-02
5.859471098875281003e-02
4.644775907061165499e-01
5.509358959888472906e-01
1.494858405961343450e-01
8.412463205503695196e-01
1.140830447516478080e-01
9.681763441528363698e-03
7.627208556767490766e-01
4.263959070208149793e-01
3.816011658610226620e-01
2.927791851841986259e-02
4.904221628593728455e-01
2.086271848954819944e-02
1.034119845707186930e-01
6.056705440765068893e-01
9.396523908773595224e-01
5.363032881138120045e-01
1.458636131418879212e-01
7.177875343928329377e-01
7.589098099840997369e-01
3.796039975354125739e-01
6.671733865075561987e-01
5.776836926131743155e-01
7.943855666880902944e-02
8.764480884345345890e-01
8.153968319323192659e-01
3.193330356188822661e-01
6.973747332004420763e-01
4.344087993252461997e-03
1.725199756073359514e-01
7.831121761202916032e-01
2.437709172221175502e-01
4.048640000021457297e-01
4.980334047002467068e-01
4.797556373581500777e-01
9.702291170947922039e-01
2.128896432410992134e-01
5.967010119778211052e-01
2.005207371015299278e-01
2.931775623250723606e-01
4.002406305445742607e-01
6.276521408701082327e-01
3.338086846349614945e-01
5.429325703971550621e-02
9.529580632246886784e-01
9.170315671235863553e-01
6.397102353977082156e-01
7.445388875933089956e-01
7.151842465031615914e-01
3.625142523392036603e-02
5.576396667953982256e-01
1.453173344650574017e-01
1.123665899642256466e-01
1.617642083961689514e-01
4.166629571087285266e-01
1.346194147302717456e-02
5.995271039556850784e-02
4.379509091348087191e-01
2.376698948676129186e-01
4.384859992339980583e-01
6.793540495418236569e-01
9.259075656495339146e-01
7.983081770473582361e-01
5.947783645809731068e-01
2.864358341842132005e-01
7.640837501618598093e-01
4.698424192865808258e-01
4.134235004135529690e-01
2.266419138668537836e-01
6.293257556409526110e-01
2.381804843373220293e-01
7.668660491294789772e-01
5.421473832597364373e-01
7.549799270056366529e-01
7.498543478114657601e-01
5.034258135483071772e-01
1.113143049746660451e-01
2.472487417682679156e-01
5.500451430635663330e-01
9.953778748242274599e-01
4.107772872872114678e-01
2.904061093198531118e-01
8.925725567764698498e-01
4.093700806990747121e-01
1.550044202871774246e-01
2.181457668696109575e-01
1.510968255941555483e-01
6.591627168379019519e-01
3.232651088322370803e-01
9.414313439242824044e-01
4.185744181432031197e-01
8.388908652633848551e-01
7.672598143293554163e-01
6.813639034716734155e-01
8.555805243583259889e-01
4.631248071007331713e-01
5.683382364760699579e-01
3.782585704475944777e-01
4.558219960126765335e-01
8.311009162815899409e-02
2.130523655918291903e-01
3.725417024673065014e-01
4.935361117209275394e-01
4.497106754089204017e-01
3.011045443849086900e-01
9.612218992480692226e-01
5.745297360083571059e-01
2.736866917665131682e-01
9.182613762160498627e-01
4.922629633117435177e-01
1.370131149003762649e-01
4.692874630902271194e-01
9.789564780989045145e-01
8.927388633897841430e-01
5.075462041104316091e-01
6.445467015506659569e-01
1.090500392024894016e-01
2.204457470173360745e-01
4.474358448914177999e-01
8.781087227555541830e-01
8.897134788372005332e-01
2.780973148916773829e-01
8.082872481303727819e-01
1.095918393555719988e-01
4.319194545134016905e-01
8.334766816256518052e-01
8.740368618288580915e-01
5.748021528865698143e-02
9.404127146790138836e-01
2.249169222239285337e-01
1.329850535460238292e-01
9.267448403047038319e-01
2.172223609453413362e-01
6.733625644306010516e-01
3.091179065814987359e-01
4.599642007746090333e-01
8.709698213976734271e-01
1.365497177437423881e-01
7.109708886062295896e-01
1.285032214515273163e-01
3.750654925893713298e-01
9.271606183558123160e-01
7.439113082428218116e-01
8.331349385129468432e-01
3.669460295646294057e-01
4.300022530544606592e-01
6.807261228069340364e-02
1.863608274161184242e-01
9.026844156976423506e-01
9.925491577212344207e-01
6.511095785962067728e-01
9.712653351945581548e-01
3.318064194341509288e-02
9.357557647816192592e-01
7.836536450068868342e-01
6.711788697624972988e-01
8.165697791534753947e-01
5.482209431841331138e-02
6.197351573217771969e-01
4.338167668522081022e-01
4.396231296353091400e-01
1.988230757724931130e-01
5.448536947730231450e-03
4.101075633903550899e-01
1.687259289048584354e-02
9.958258248091451659e-01
4.509490069244651012e-01
7.018999082234400611e-01
5.726933253417818698e-02
3.918280515543430820e-01
1.578520074010625052e-01
9.153093481368737017e-01
3.262550895235482584e-01
9.452212075638428690e-01
4.069339956764659316e-01
9.467763033827266694e-01
2.032760941303916047e-01
8.355109137956980847e-01
3.047053074507872217e-01
6.348260900896711689e-01
1.997323414124325125e-01
7.169190434764691755e-01
3.600631276894822319e-02
2.271951755195344425e-01
9.517937968196376053e-01
3.931791297834971721e-01
8.763808472771813518e-01
5.276193382517375685e-01
8.499962762073800526e-01
6.826108582124813806e-02
5.296417756017621770e-01
2.381512153351859062e-01
5.508961148112749839e-01
9.775390564080662648e-01
1.302706075206558067e-01
2.414699068879546939e-01
2.760812039611897362e-01
2.339496896058630149e-01
8.997126293911512640e-01
9.206403538092840233e-02
2.236748551922647654e-01
9.021941778785158572e-01
9.845184866480500840e-01
9.311532165820272100e-01
9.072220233615939655e-01
7.307454160411356314e-01
4.784273661660690680e-01
6.740332211502574333e-01
7.868345243247750753e-01
5.263773762890064933e-01
4.299839851107741806e-01
1.266877135350342187e-01
4.508437369876566736e-01
1.809812599380103693e-01
3.141822375324925254e-01
9.044034917880126034e-01
6.115870683281811049e-01
6.502944631864642222e-01
1.849679373823559791e-01
2.883009224516724922e-01
9.426912536252437524e-01
8.105879164611210497e-01
4.298300214099727290e-01
7.531446844357156389e-02
8.302172634239809446e-01
8.755532914755214113e-01
8.347984625583503293e-01
7.282207855663790363e-01
6.498474067422407296e-01
5.350723353250361192e-02
2.571687893785777890e-01
1.401559772841378670e-01
5.776496508300177357e-01
4.825092457090224829e-01
1.494240124255564739e-01
7.580470369159858501e-02
8.129919881535074833e-01
6.988889404722902210e-01
1.305441932443945148e-04
9.668607586297840450e-01
2.277541813166197859e-01
8.377982050993446617e-01
1.905908343302619712e-01
1.644075481465087363e-01
7.953086165621803261e-01
3.936934811958514024e-01
1.119409038301772547e-02
6.180051515361859593e-01
7.912415403028941752e-01
5.494564004633871734e-01
8.706657564059738785e-01
6.628012000963563466e-01
3.097903221170659194e-01
1.917559042894743382e-01
9.136702611864431223e-01
7.056814932836940057e-01
7.101988910327600157e-01
9.222914244653442895e-01
3.198074164981464795e-01
4.149729884468866259e-01
8.385732115539028531e-01
5.061406214005679249e-01
4.689159170208666016e-01
2.797689954604752338e-01
6.649301545825372362e-01
3.761734137347252926e-01
3.470647321425354148e-01
9.632989637671819372e-01
9.339411026610003885e-01
8.340952619044139649e-01
8.291418254642558550e-01
7.572541529298741914e-01
8.739741869952021291e-01
6.160201119432006100e-01
4.673864543345693789e-01
4.452826886760153924e-01
4.732298559683664196e-01
6.988673754445813291e-01
1.684807950258540021e-01
1.679346087566375711e-01
5.881408821431262368e-02
9.783031025987046214e-02
8.424983723537213809e-01
8.901712539550122871e-01
6.619808792295324151e-01
7.092129843388416122e-01
8.606448766281304952e-01
2.006226680582053890e-01
6.057724192312841094e-01
4.398405182612398212e-01
9.143486009853400986e-01
3.689344053416974134e-01
3.811512450500951360e-02
4.535447152489802680e-01
5.099489889952241173e-01
5.568411626677887138e-01
6.148431526235278444e-01
2.206058809392962838e-01
9.088640795458736710e-01
5.398418745239348393e-01
6.074489447074356008e-01
5.075242947046704201e-01
3.546958703198167528e-01
2.280850327372798136e-01
6.105584755877866421e-01
9.732167657551371587e-01
2.110323100833279841e-01
3.418493329060433017e-01
8.138806621368205318e-01
4.891668928115240345e-01
1.395184021368346405e-01
6.102054875910868370e-01
1.059325485066350304e-02
3.918679501484130245e-01
8.678534755349488483e-01
9.060612016051732276e-01
7.691600368308550983e-01
3.252127892163448331e-01
1.713083572651504793e-01
8.145054006953177383e-01
9.922534983571414946e-01
5.487918695194451968e-02
1.625117871030737071e-01
2.139271766613884962e-01
2.087452800619649385e-01
5.202591893876034046e-01
5.888968391778284239e-01
1.864753697803007426e-01
6.666736352852541403e-01
7.344300438039021994e-01
6.743922392199709348e-01
8.090815663859661777e-01
8.850426408170305459e-01
7.500127329663650588e-01
6.126450752823371371e-01
5.293366229880140938e-01
4.116013519750336691e-01
1.415024816795020235e-01
3.766610090920787246e-01
5.769838623019629686e-01
3.166817713776070020e-01
7.164358110282331715e-01
2.372734004541442177e-01
4.792278520559871691e-01
2.423715069080427109e-01
4.861025454328667950e-01
6.510902045009506756e-01
8.875758762334986507e-01
3.445875589359169155e-01
2.019925083615063399e-01
2.236111610335033972e-01
2.185899074068079206e-01
6.237725144373432729e-01
3.774210229769793812e-01
7.701988900989722442e-01
9.481179912570498747e-01
5.211046594167079160e-02
9.593198589201451520e-01
3.673645411350919265e-01
7.252132217844661222e-01
1.086229176991491546e-01
9.150829449229004320e-01
5.647445563266991764e-01
9.995768417376801884e-02
8.491589456661059465e-01
6.966997145744831255e-02
1.074149723255512362e-01
9.045308150040204387e-01
1.189297423649357532e-01
3.017098106452560935e-01
9.876575268519856288e-02
7.543299811330218541e-01
4.012475939421755733e-01
7.373917240438376819e-01
5.773354880061015715e-01
4.335833039955578894e-01
5.632537645371943347e-01
3.792095521506339550e-01
6.665579199696569646e-01
6.548401062558257824e-01
3.370667042310075967e-01
3.960350983302916572e-01
6.264948507270873268e-01
6.137249937306072933e-01
2.110814885080554149e-01
1.555779750013793761e-01
8.952639265307974492e-01
7.486395000569069369e-01
2.214335321496162245e-01
3.733748173059023290e-01
5.255534661081066872e-02
6.129843814215728548e-01
7.596615787674888542e-01
2.629218678053545366e-01
7.113539575469427501e-01
1.018945319190148052e-01
4.999129230014091596e-01
6.982528607174527391e-01
8.091012253393223830e-01
4.276743658156186706e-02
7.848908473122461205e-01
5.580243335588890297e-01
6.833163703010763923e-01
1.397743836374364390e-01
4.901453780170138552e-01
3.537902596123275178e-01
7.907184011677123037e-01
2.787471251677884482e-02
2.044616175931336655e-01
6.069294846250717912e-01
8.436102854013984853e-01
5.467688161860700946e-01
6.651512649586539538e-01
5.037551696374952676e-02
4.934286646154113498e-01
9.275470712062257039e-01
6.941465358399210306e-01
9.056447865879383441e-01
4.134450841606593929e-01
3.925615421526430504e-01
9.201039487219356827e-01
5.577861992781496525e-01
1.150767257708268099e-01
9.535456926926267895e-01
6.589876670436488615e-01
9.556853526911430752e-01
1.198118892728225610e-01
2.660816280209339912e-01
2.888563676806895630e-01
8.324819241719254581e-01
2.882642677810756671e-01
5.912664656340147484e-01
9.122612162559971816e-02
5.745985604630384769e-01
2.274939326107586479e-01
4.236660691822094482e-01
4.153029846557188542e-01
2.678064561136990207e-01
4.784972391610938791e-01
2.606413718491102927e-01
1.228301047191939083e-01
4.787977455045002717e-01
5.873025306858430383e-01
1.071589733696392543e-01
6.488687122323448797e-01
4.112528859412872273e-01
1.600813763232392939e-01
5.114367081206011578e-02
9.453102207423101644e-02
9.111248198820615096e-01
6.121208908696822437e-01
1.213037224264205821e-01
4.235467885669645383e-01
4.770491498582742906e-01
7.146388844293517784e-02
8.276349719702977281e-02
3.832568412138930292e-01
9.218607132191531939e-01
1.179403017797162403e-02
7.186805938922145032e-01
3.955835404504516317e-01
5.695855507441166532e-01
8.300685248645303660e-02
7.298530322916609858e-01
4.927919333079109898e-01
3.724022537898979968e-01
7.539849894195997937e-01
9.668636177373329810e-01
4.323608775828912121e-01
7.116451638116921830e-01
6.851096730932356715e-01
3.682261348636322040e-01
3.942253719037405735e-02
7.673037260363354539e-01
8.774473815176648817e-01
3.710048006598729020e-01
9.148814858899313451e-01
2.179744156833336444e-01
3.450587576456461969e-01
9.493337151917357053e-01
2.546916966578794961e-01
7.219388758406485307e-01
2.528995778387943538e-01
6.579289096851320684e-01
8.566528084441803470e-01
2.165002784893092780e-02
9.556953458797372292e-02
8.159091317845702518e-01
8.295402842937426025e-01
3.568956476106587838e-01
3.665566105649816775e-01
2.296976375321776176e-01
6.180553799068897458e-01
7.242640242131584971e-01
8.804837313089336481e-01
2.642890769659704264e-01
1.982779996490770247e-01
2.176588522880100740e-01
7.202323474297519512e-01
6.043783241091281733e-01
2.374420191185895035e-01
7.143849347601706826e-03
2.467279849753819809e-01
3.180159459850278036e-01
7.239761653944875031e-01
6.060110723579646974e-01
3.777535238628002556e-01
2.682020249680295287e-01
6.074116764166005433e-01
5.984892536316479550e-01
3.266515466050645689e-01
5.549495017790796042e-02
3.620944759925636691e-01
8.855074939752072272e-01
5.875667535938317032e-01
1.315769569428730801e-01
5.877530686766373469e-01
1.839895219417034267e-01
3.236980763227909237e-03
5.415103390158425567e-01
5.005989018603140828e-01
7.079758511615554806e-01
7.451429444249564327e-01
8.599777253639169228e-01
1.042135667493497703e-01
1.975284284528304735e-01
4.989985538321068392e-01
1.957612961270745744e-01
2.348254195134108838e-02
7.060040402355228784e-01
6.586984161770834678e-01
2.318326497237099826e-01
4.737662722109131086e-01
2.105791754825749734e-02
2.927104683278562436e-01
1.275875636452824535e-01
6.480008798004346371e-01
1.049385888774279074e-01
1.239597856414358379e-01
4.189960094598123574e-01
6.409182156447824907e-02
7.156527761936570808e-01
9.749263099430262036e-01
2.530364882278847774e-02
9.805644493032451559e-01
5.592995904783503169e-01
1.614238565286950089e-01
9.545929012455314222e-01
8.284835254947097161e-01
1.656210826696742355e-01
4.784913888583303132e-01
5.228711580162626049e-01
3.125695065275282403e-01
5.978331055950145689e-01
9.343101182554454098e-01
5.749780538445380396e-01
7.115217565278457723e-01
5.034455134248917441e-01
2.214486697445075536e-01
1.932579695354576244e-01
6.140643289401852556e-01
5.786727426966753463e-01
7.498793604182787953e-02
8.554991379970797727e-01
9.535112985263659580e-01
6.374451661692037696e-01
6.907188155555777920e-01
2.373963699014807749e-01
1.418652157115007084e-01
8.949198415936314710e-01
4.463947448792823236e-01
3.666599193595097561e-01
1.458359674329107458e-01
3.715165790386413258e-01
2.040130275136933791e-01
9.984817358148004862e-01
9.809250791880261833e-01
2.037566320403614850e-01
5.442684774848122187e-02
1.230149963337708388e-02
7.508336809874201559e-03
5.512293765698831338e-01
9.066531337757782749e-01
6.012597132157752045e-01
9.656498102591956068e-01
2.944098768714012437e-01
8.093150008649868665e-01
6.754808273360330961e-01
5.925728093637289140e-01
2.674904717899440065e-01
6.051093144831655168e-01
5.341664003999061494e-01
6.791636080012637411e-01
7.785914337149918429e-01
1.569492074325154196e-01
6.191633305538531973e-01
1.879275584886195560e-01
8.757537742518589630e-01
9.991282183906863290e-01
2.241005031691269966e-01
5.700893112825746734e-01
2.733338268042884156e-01
2.178037841543954689e-01
2.287505486790136489e-01
3.199230660957354533e-01
7.811886062182675783e-01
5.063590064845848726e-01
1.275406777606977737e-01
8.903690290696093523e-01
3.342886626987344179e-01
3.243886076967504306e-01
1.644115503008651558e-01
8.997492173428267570e-02
1.526885094682687953e-02
2.467293286532511454e-01
9.701013104996849545e-01
3.604979562741660870e-01
7.228105110008782308e-01
7.118017985332060482e-02
8.019751056319589511e-01
7.393936274380347173e-01
6.066586971947947049e-01
8.329499111812876944e-01
6.801832249319563761e-01
6.206715248096786874e-01
9.099548134713159042e-02
4.418120050452846170e-01
7.169719200237060219e-01
3.007132568760612634e-01
5.416598135542062264e-01
7.526573719379171523e-01
4.641703437101913909e-01
9.211253180959094733e-01
9.919528145010649001e-02
1.332807115515666774e-01
9.125303911939007806e-01
6.144224616989999443e-01
7.144576311073196351e-01
1.941517681252691585e-01
7.157946747758154871e-01
4.107346239383146136e-01
9.141739015126281176e-01
3.102255988497876760e-01
4.074696284062294116e-01
8.903228741796547219e-01
5.319153396162851211e-01
8.416015574884283534e-02
2.315404287658999749e-01
3.450380909189977585e-02
8.052654142827836425e-01
6.122299768695681488e-01
1.000468995949279905e-01
6.239422969813883668e-01
6.067863757932036028e-01
9.969298342420483960e-01
4.064683417176713220e-01
7.927778594113832344e-01
4.651928226585620996e-01
9.832880543590102329e-01
1.227284155974516094e-01
4.507872258634210150e-01
2.758767639982182551e-01
2.463254062513365039e-01
8.336836669575173886e-01
7.700197294460016106e-01
9.298415423893364729e-01
5.653711483688830253e-01
5.133378369755681181e-01
5.341771363014331531e-01
9.356615931430791733e-01
1.804145707855845659e-01
7.700285966266914306e-01
7.275180375725669446e-01
3.696555119332575745e-01
7.534364379503144526e-01
2.522507839108130145e-01
7.173967070503850518e-01
6.661671893210712181e-01
3.342929948890303871e-02
8.151997821330146943e-01
5.454676953943785600e-01
5.686382428367016129e-01
3.222571690380647835e-01
5.457418546695649297e-01
3.616806475752893379e-01
7.697496884564211661e-02
6.383263121292771514e-01
1.341281714651328671e-01
2.589140790668583714e-01
4.779781300849258452e-01
5.253372523515407178e-01
5.268342061042013968e-01
1.234474721662419568e-02
3.382213616823225300e-01
7.882683623636052017e-01
4.367046547556133751e-01
8.963655118093414309e-01
8.104678179681570338e-01
3.622526001387331718e-01
2.719470468932708163e-01
9.690609050972927019e-01
9.827016487923354582e-01
8.763167858669229648e-02
5.414492251545720558e-01
6.222976369072381608e-01
2.261772262343305084e-01
9.934917251756275602e-01
4.239459799849045196e-01
9.395447772741356562e-01
9.655127965691095993e-02
9.671874032390107567e-01
4.222627754230953712e-02
7.108395126029400934e-01
3.346855396304063701e-01
8.039332648202469622e-01
2.742784160614392119e-01
7.421332222621698227e-01
3.178510272027820216e-01
4.001007990626442301e-01
1.289199982835380343e-01
7.622441733034908129e-01
9.624073359822243878e-01
9.808306690507919701e-01
3.888419089064373280e-01
1.748017652956023738e-01
2.759672921648186894e-01
3.249104172387439204e-01
9.795990893790516019e-01
4.750910249210421599e-01
6.430080857309948827e-01
4.343255254696149481e-01
7.913679471713398472e-01
9.151114270345950263e-01
7.356388124102402060e-01
2.465423827284247416e-01
9.445043592926963272e-02
4.310301639416055930e-01
5.224480334187344699e-01
7.016319541660721582e-01
1.649885726422207488e-01
2.902448299113870589e-01
1.283044682737127795e-01
9.250259760348714666e-01
8.655013510091025264e-01
7.946011073300221494e-02
2.609386039435019483e-02
8.869946820780908459e-01
5.607290478697199432e-02
2.809987005925085879e-01
4.401424490671571599e-01
6.024127354419704927e-01
7.061700300448467971e-01
3.656351624925052168e-01
6.545078298977694553e-01
8.900722511710165152e-01
8.189193313305955790e-01
8.555172748784061199e-01
9.274151784557065348e-01
4.129775798671857512e-01
6.648811718724868536e-01
4.229971111234746561e-01
1.956960699902650092e-01
6.349595386614610426e-01
7.820776589445861404e-01
8.208412437808222661e-02
1.383448239791842671e-01
9.244284126776656230e-01
4.374510576955259467e-01
4.199023133974160160e-01
4.683599007709849937e-01
4.326438406816965343e-01
4.831646066493857639e-01
8.304612106231091806e-01
6.397321561622023589e-01
7.282746337049740282e-01
7.894385571116427913e-01
3.121318597703499065e-01
7.977992476418370726e-01
2.907518476986277745e-01
8.822248462496721233e-01
6.146759555718154244e-01
2.956743892647072935e-01
2.271068369529689879e-01
1.884896989702726233e-01
6.625087550013463167e-01
1.397719763491357681e-01
8.315546524654165994e-01
4.477261673546867327e-01
6.548402020776550314e-01
9.542419117268134965e-01
9.510298350254685618e-01
2.589975383085848515e-01
6.192970624925605572e-01
8.388348310277142783e-01
2.167368627079280241e-01
9.523518520727746184e-01
8.573659113573127710e-01
3.951513497381005102e-01
7.849300544449364647e-01
2.680034938540807321e-01
7.688107721089409985e-01
2.830438804121896967e-01
3.585739367824054002e-01
6.511093282961484263e-01
1.752373627064313100e-01
8.021688447540812339e-01
4.977656244556925569e-01
9.530858108993981448e-01
5.308048102543068136e-01
9.731771244026015122e-01
4.940899926256137054e-02
2.159041459850507272e-01
7.140796103465255618e-01
6.337599298598267650e-01
8.854466333608517203e-01
8.076828088757334045e-01
9.208136811858518289e-01
6.329679063393214289e-01
1.372421851130282144e-01
7.311920565954992401e-01
2.893977665637523927e-02
4.089382571083655105e-01
5.325457055126233685e-01
2.567320154107484154e-01
9.797682183192297778e-01
6.676234346435744316e-01
4.631420763109612981e-02
5.732230191104298322e-01
5.996011845377097194e-01
3.864427879796915599e-01
7.997194475151371273e-01
5.021980716342666629e-01
3.598713797475384113e-01
9.077759240697661491e-01
4.843802857440457910e-01
6.653997871036211320e-01
1.070207285998160257e-01
6.626098683969419145e-01
6.335018903753771857e-01
1.315829679095006921e-01
2.613682916470695949e-01
1.497610654943959119e-01
5.855618213141363659e-01
5.321243748303284837e-01
7.199610236619432557e-01
4.806372844955784096e-01
6.675966955953446247e-01
5.361974187473301789e-01
5.220098565268643798e-01
9.129636205175450936e-01
7.216082327045394429e-01
4.904152449721573825e-01
5.776465225194232778e-01
6.998663819770573058e-01
9.954114654914734128e-01
2.901322935593306229e-02
8.179728928231370100e-01
7.535618038077677161e-01
1.342482935221600560e-01
5.899307527116425254e-01
5.921333136655927698e-02
5.813293663407662626e-01
3.297484237863448353e-01
1.874654897370044426e-01
8.531147976328496974e-01
7.358168202571027106e-01
9.278843488068839740e-01
4.707622494551265135e-01
9.854819850598177666e-01
2.868132166723180027e-02
5.248292176653057695e-01
2.135582220102005546e-01
5.909345215434129439e-02
2.467194756673661282e-01
2.526986449873616092e-01
8.822288810607900045e-01
6.413331364480652219e-01
6.527650470007946293e-01
2.299015321598041062e-01
7.141573339663460918e-02
4.242102276002474026e-01
1.164239842855057383e-01
6.454541021061248607e-01
2.947151262699972962e-01
5.391475239640786121e-01
2.143797256080999872e-02
4.857915040319291666e-01
4.048469101290469996e-01
5.859158851758835551e-01
8.930285062287151021e-01
7.278448239031258815e-01
3.374082737687286171e-01
4.638605218278413767e-01
6.767458172545345318e-01
1.276239693707752892e-02
8.433855693587883895e-01
5.291993008291284717e-02
3.077251700764533915e-01
1.694906001800411677e-01
4.425705136699204512e-01
8.997660196382657738e-02
3.779208971549000151e-01
4.998731075877428931e-01
7.941195087440913181e-01
1.679013305798368327e-01
7.981117072065130325e-01
9.451878780142444203e-01
8.532822502060114500e-01
2.821035964644908467e-01
3.193370643340454063e-01
1.627236706592089799e-01
4.334959335589333440e-03
8.567197895298884758e-01
4.728198576796140973e-01
3.032161359222824148e-01
6.474108938118651180e-01
6.960538446506127075e-01
7.755620327162470184e-01
8.677828323135523547e-01
7.457217632341880398e-01
3.591096302389764627e-01
9.596782338739565654e-01
3.115837505947191555e-01
4.667841568419314191e-01
8.441432596728364324e-01
8.680768683152648713e-01
5.213318019747781307e-01
1.403519897350517520e-01
2.561467511543312758e-01
5.546883313829379381e-01
3.955004637925137456e-01
7.112260069838125531e-01
2.265515395801835641e-01
8.861857510653116110e-01
8.907601274295836591e-01
9.964750917617410941e-01
6.943311296336539540e-01
9.823729967669033725e-01
6.554545710666149771e-01
7.801302946995458676e-01
6.819231994861134627e-01
1.237310629909395832e-01
1.348768670824520011e-01
1.074458387370968576e-01
1.059632223875781876e-01
4.499470671092657970e-01
6.052000705487167176e-01
3.073979793253888218e-02
1.676543253175447612e-01
1.289294144184065238e-01
8.537108185147400663e-01
3.613326530052557439e-01
4.334035072763327001e-01
9.902115922040473084e-01
5.790682944695091372e-01
3.626941537786947389e-01
8.468871783107240203e-01
6.700207990439596140e-01
4.572934401187027653e-01
5.484222937392704278e-01
4.246048772153807604e-01
4.444205954661223368e-01
7.834693059101784929e-01
4.589693083860895140e-01
5.464131509288495669e-01
6.923766837933435780e-02
3.061447462800140906e-01
9.341115138113353922e-01
9.862440983200563283e-01
1.327763352253371887e-01
7.139572546645807094e-01
4.362372866016406836e-01
