5.462255180784146846e-01
6.556048970606568327e-01
5.003420966834291050e-01
7.313948676594094200e-01
3.421910836392567101e-01
6.635601703575485510e-01
6.014741125927768328e-01
5.714850573727507932e-01
5.303183029978016105e-02
2.446198379635818598e-01
7.228183947585338220e-01
6.979922864544744199e-01
4.376939008622474647e-01
6.945346344940704908e-01
7.569554002823672967e-01
3.756979033446353755e-01
2.893848175240923970e-01
3.992058599119626128e-01
4.505290223218497148e-01
2.363910363943279580e-01
7.925074804582090682e-01
8.860158647551595879e-01
8.213040847119559285e-01
7.695044448638275192e-01
1.650179414185278803e-01
1.653876374093680435e-01
1.676705527525988032e-02
3.134124882302893877e-01
9.963205611028383979e-01
8.471285247069142432e-01
8.449384044160851426e-01
9.848528421780191611e-01
1.760877747304875063e-01
1.825219135630967437e-01
8.633020877627612943e-01
7.911310273983991614e-02
3.289673056901425974e-01
6.999583576487184988e-01
1.960079477815562798e-01
2.612358483834626433e-01
4.636611036469087122e-01
6.660449602502361843e-01
5.959534672155529789e-01
6.291054366761271721e-01
4.759802400305139236e-01
3.282303362290723281e-01
1.186642449699341351e-01
2.488034375696078493e-01
1.274562249040109008e-01
5.309166218796837998e-04
8.548075540086655932e-01
9.847158769735541162e-01
8.475597124871625532e-01
8.962094113098576509e-01
1.930218896375288096e-01
2.986314704030026621e-02
6.936169860156246036e-01
2.700049222170173846e-01
6.154817494449340565e-01
8.970235052058013470e-02
2.579982995148073499e-01
4.435293206429800211e-02
8.112370004002117385e-01
8.557128144182957197e-01
2.515943969080391418e-01
1.559606711354433461e-01
7.623351517992306425e-02
6.539359427984771100e-01
1.076614474543515360e-01
8.901432807526832303e-01
9.478043630389818563e-01
8.702696336132865751e-01
3.123060621802749570e-01
3.293512622587535521e-01
4.257157500659746185e-01
5.736512424780867425e-01
2.195492597255944422e-01
7.798448872208210529e-03
8.142440485571468267e-01
1.638991591396694869e-01
7.922912680912663763e-01
9.949945234628806978e-02
2.170403973367123207e-01
5.171151674599101522e-01
6.812003533799902977e-01
5.378237167414592346e-01
4.490705385076940170e-01
3.899620904123544674e-01
5.237513001249031186e-01
3.743561759190663363e-01
2.741432328720496206e-02
2.900199677379524665e-01
9.304018160655187497e-01
8.360063185748423109e-01
2.311711577896305991e-01
1.565492558562143338e-02
1.253885824890999812e-01
5.585225104370748241e-03
7.400056801679195662e-01
8.268907808010313998e-01
5.401285877494655940e-01
7.380136048147785122e-01
7.067376585397041611e-01
9.926009136820658219e-01
7.132234027240524910e-01
9.191146456284042532e-02
8.230195156081049346e-01
2.198516123299558978e-01
5.593931310819956204e-01
7.451723402468564128e-01
6.041050752820767977e-01
7.337278442966886915e-01
2.820206649194695880e-01
2.326779244882176689e-01
5.478529448723785666e-01
5.826504095356646040e-01
7.460704342177667536e-01
8.270723018844485797e-01
2.018886938854980440e-01
2.999647670962312662e-01
3.478579378873244421e-01
3.098975983540752654e-01
4.387852550869765778e-01
7.353346697907342522e-01
5.060353228277143511e-01
2.227785394421946674e-01
8.434370755682003562e-01
7.476105065534521810e-01
5.535408417234602418e-02
3.134296726420223583e-02
4.352057393036707356e-01
9.977446090757375874e-01
7.168118989636837468e-02
2.443123166927946566e-01
8.860627687405547848e-01
1.923689002369905268e-02
6.120084822710970540e-01
9.006941007149382727e-01
8.505359308002442553e-01
1.033353076554430899e-01
7.344205275331442406e-01
9.469060844689864975e-01
8.077747505136928519e-02
4.048878960937813409e-01
7.022119085483701229e-01
9.678460859130316729e-01
3.626851702641690212e-01
3.692601362809071475e-01
9.171043701040287877e-01
6.654088853375617063e-01
7.029615694243684931e-01
4.382431480571094551e-02
6.762099306910817065e-01
2.886123797596559237e-01
6.436334473979106185e-01
6.985149541239612514e-01
4.236858721783456350e-01
2.014730874023928642e-01
2.889732434692573460e-01
8.833427172275359895e-01
2.080831591337607422e-01
2.745550414706977027e-01
6.106799104900375585e-01
7.489145509311583293e-01
8.581393754958709374e-01
8.363554607444781963e-01
7.494775493508504249e-01
5.835468690091936139e-01
5.581910879044883061e-02
7.919640438045846276e-01
7.486541263478665442e-01
6.383494403891104563e-01
4.612107323600604381e-01
7.731821775912655070e-01
2.476411432480013150e-02
7.056050761784732339e-01
1.839631597881770941e-01
1.040589819634149676e-01
6.110922750747689314e-01
3.190475917785521309e-01
2.856201587432783406e-01
7.990232999317750107e-01
5.572604373903752295e-01
2.203919890107745305e-01
7.250776722435233745e-01
7.723106969187080173e-01
8.279784339234753654e-01
3.473132323818329259e-01
5.864691295220075817e-01
6.629912599689042896e-01
8.050516164422001353e-01
1.042858443441220251e-01
2.498078721932018853e-01
5.848839500892875076e-01
5.715961827057508549e-01
8.908770700258205055e-01
1.447883906642251084e-01
4.413073161473530237e-01
6.264652399401774430e-01
6.759042714618685999e-01
4.451236757853165305e-01
3.980244270325631883e-01
5.666287136373845401e-01
6.098396139149957484e-01
7.405812685214185898e-01
7.502593774477880340e-01
4.885499159838794236e-01
4.468422470630633581e-01
1.435500563372908989e-01
2.895099915467672091e-01
7.926020973448911766e-01
5.466312264687245293e-01
3.575109769126508241e-01
5.176479377695106798e-01
9.921919509221331923e-01
9.342100565209549012e-01
1.973320667439781295e-01
5.510606282476717688e-01
6.439003393813207410e-01
8.219270858931334578e-01
7.150953130358418397e-01
7.854718235028601558e-01
8.171956608603588856e-01
9.978530840049320005e-01
2.360806122213680858e-01
9.654391078387422054e-01
5.011478138076758126e-01
9.755557085013107921e-01
7.334870154197802306e-01
9.723840471928939522e-01
6.377625226354690646e-01
4.910999547486458727e-01
4.225293061198622802e-01
6.164002407548667684e-01
5.242635220621134629e-01
2.265412081035169389e-01
6.500388515272816914e-01
1.998926167980836222e-01
5.087063066885948448e-01
2.047697613242132897e-01
8.367972398135596623e-02
2.012032246104181743e-01
2.698061794694101012e-01
5.226911119817910789e-01
7.108624419817124451e-01
1.564415909690875794e-01
2.407540349600300611e-01
7.801917110389536281e-02
7.717071400861801322e-01
6.925317666415514717e-01
7.796751521570647325e-01
8.904855522851458371e-02
5.815740291962115949e-01
6.424602521284724643e-01
4.102862007590533100e-01
7.107439608859444924e-01
6.388939555665643644e-01
5.107281893647514642e-02
6.949639043457468413e-01
4.810164429705395261e-01
7.123493659217575713e-01
4.217106175963453163e-01
7.663190888772138942e-01
4.435471992139998210e-01
9.788823277953881963e-01
6.611532860961205627e-02
5.058073091369246210e-01
1.143831662725262321e-01
4.260139467975641026e-01
4.707522992754282765e-01
1.551466784482472168e-02
1.406713587281173405e-01
6.372172474450088497e-02
7.108689424576358773e-01
5.839996098011476233e-01
7.886527616034191279e-01
6.285219992961420532e-01
8.183063705350698269e-01
5.553420306889862434e-01
3.044420736394803373e-01
9.869646703723751191e-01
2.536551197274781733e-01
5.739782185125933411e-01
2.785041524108687327e-01
1.183288658371564744e-01
9.100035082231713313e-01
2.865972206549347728e-02
3.026904538912408849e-01
6.592787997794345989e-01
4.157573335490952204e-01
6.647672377019973045e-01
3.124618978021256877e-01
6.507970523168000732e-01
1.343044824798926007e-01
3.475208048100517644e-01
1.291392726676764968e-01
7.823794888615762666e-01
3.439769565607103119e-01
3.015529448313002403e-01
4.137719544848307840e-01
1.480126097617220637e-01
6.045502099703132792e-01
1.277241541830501648e-01
3.109743193032814546e-01
1.938029601692136950e-01
1.991703302239760942e-01
1.707185638534282623e-01
5.795865804709463553e-01
1.386369655858292992e-02
4.019672977145796189e-01
6.964738511763868267e-01
1.529331282104877676e-01
1.193922486314937387e-01
5.019876568150034579e-01
3.850130274851715773e-01
5.710333888629939292e-01
8.438758780214815625e-01
5.358354235141620237e-01
6.598721368965222434e-01
7.718838633774278701e-01
8.072624435944959764e-02
8.825455028444338934e-01
4.406267356468590024e-01
3.982531797780013844e-02
6.461213935786913609e-01
7.318952741918980376e-01
7.855516327445939417e-01
5.584237233065864059e-01
4.554382169902143618e-01
8.075236826909111265e-01
1.812030379063016283e-01
1.086331172138915308e-01
9.943121654346745997e-01
6.696803797415840087e-01
8.540475493535046869e-01
3.555989817047230384e-01
1.163298081195150990e-01
5.094322913156148491e-01
9.303800971103450834e-01
2.956430976854902415e-01
5.350743760855918019e-02
3.179314725994959456e-01
7.327354569036560461e-01
9.936985892598502179e-01
8.877348828650126755e-01
7.524144895483916295e-01
5.147323672510456527e-01
3.028098776855179808e-01
2.275321482309894949e-01
4.159229208537241762e-01
5.142288442054922248e-03
7.964131431225268676e-01
5.770102386286906082e-01
1.086106891429013122e-01
3.753535823244338321e-01
9.157016117853058468e-01
2.589696786578214449e-01
5.137139492573534749e-01
5.024780889855187116e-01
3.094593874852085147e-01
4.288994567559207827e-01
5.657242146200835986e-01
5.742924334005752307e-01
2.199938829223573866e-01
1.221130178432042607e-01
9.180208136373048111e-01
3.467858331615709666e-01
8.180998212154715343e-01
5.368494164312902495e-01
9.629732473332930365e-01
8.455367496900835222e-01
4.756233402731586124e-01
1.317072991239911783e-01
8.181240124259161473e-01
6.199699020868153915e-02
5.791072338234997119e-01
9.121399314300367989e-01
4.072284990352898482e-01
7.918048363207874640e-01
5.512567446899795387e-01
1.381152311259406240e-01
9.451993780229066555e-01
9.930599067017620296e-02
4.582788488143609007e-02
8.260315236216533297e-01
4.833491164758996761e-01
9.995239247010767603e-01
3.350061648448536267e-01
9.643287205089935421e-01
7.549731637191731126e-01
2.401580642198604676e-01
5.774090090626562422e-01
5.932873672134492127e-01
9.558747198669068634e-01
6.690728965523015104e-01
1.465532620648869189e-01
2.799720418047166870e-01
5.767146765770012409e-03
3.924376742174032762e-01
4.264233404508554481e-01
7.296995072077930855e-01
5.549906500518265728e-01
4.769058065141462133e-01
4.230824831931694896e-01
5.752300120743671918e-01
1.002567536197479930e-01
2.426874439146935736e-01
9.511963306882137426e-01
3.017531698080854197e-01
6.047333064283669790e-01
9.404339362468027153e-01
2.366566862387377568e-01
4.443342270868461119e-01
9.402317570955919246e-01
5.212780474142661991e-01
7.734689029227974633e-01
7.367838658458406575e-01
7.285880746716507650e-01
9.667902003170450453e-02
8.970586905841917424e-01
4.760056419234184322e-01
2.994614299376909261e-01
6.554427228300163666e-01
8.156974888964459158e-02
6.776133657645130315e-01
7.509494519006559843e-02
2.648081073850006018e-01
9.495925997784216976e-01
5.132897045089109822e-01
2.729739174164608206e-01
1.451137864296772328e-01
2.727646005375991001e-01
9.719548255140650905e-01
4.535551190667500010e-01
9.866725759296915976e-01
6.429332950054468254e-01
7.336980932612243711e-01
7.647771973604212681e-01
1.819910053449149551e-02
2.223055708509273642e-02
1.569332053593042453e-01
2.365038827803817856e-01
6.288024075629368159e-01
1.127399079943801202e-01
3.259023086052147966e-01
2.956955155669328539e-01
3.504569272157399551e-01
3.404737328555546561e-01
6.368302557312880419e-01
8.721304828586792235e-01
3.859154470681309124e-01
1.708563035901596583e-01
1.080046974613161209e-01
1.283283347945629593e-01
7.212146343092904477e-01
8.675628636331471633e-01
4.718691150422649194e-01
1.305012234316811903e-01
3.819053022459766300e-01
6.296313223415829219e-01
2.043953129172085270e-01
3.513489286129459765e-01
4.182714728143956395e-01
5.385705477476335767e-01
4.977672803821751868e-02
5.353141043880547123e-01
2.311728469792614371e-01
2.498091324787327372e-01
3.440462595241934318e-01
8.020770838598220154e-01
8.090569231155438912e-01
8.846079715931567389e-01
8.332642436344287473e-01
5.248589567480213547e-02
3.917141543059135533e-01
7.834564454812910084e-01
2.191424518525490195e-01
9.667925771140756241e-01
6.736620796383678833e-01
7.121927578964115657e-01
2.757319853197934267e-01
5.512090969721878536e-02
2.940257514209645984e-01
8.797984774555887011e-01
5.623154832668930680e-01
8.148218957401809348e-02
8.541701255288073336e-01
8.513691624957047122e-01
6.068244616503811750e-01
3.539609474889319207e-01
1.112964195178273302e-01
3.510838495980673213e-01
8.625880993129316776e-01
8.614564840193171813e-01
4.538987728640570540e-01
4.763477686687712653e-01
5.564852072954277196e-01
8.265159109581123875e-01
5.459040536960681200e-02
4.983625699288199984e-01
9.200395647444207237e-01
8.085283607460729272e-01
7.815758355802935320e-01
3.062522452328004727e-02
4.971333389203566600e-01
8.490594066929554318e-01
7.825976871550854863e-01
5.810306242217448958e-01
3.012222188355224151e-01
1.222416880394906237e-02
8.089699970744992918e-02
3.042978374703149136e-01
3.614015897817464684e-01
2.700036174761310526e-01
9.447966372784497580e-01
6.566309021345537733e-01
3.224567584082169147e-01
5.983708667290690286e-01
9.567724015952875360e-01
3.125745408652975121e-01
2.967542009006755022e-01
3.937757181658162464e-01
8.983738432027738030e-01
3.065727853879152143e-02
7.093980697490750997e-02
4.335484328873965287e-01
1.835438740489945264e-01
2.270229944140862710e-01
4.444552545183061421e-01
3.672565537108455902e-01
1.645215617874760394e-01
2.414623094489346533e-01
5.736256434974613683e-01
7.611641435981088000e-01
8.668038519599297054e-01
3.188234668433242991e-01
5.313884953687374457e-01
3.584623556192597094e-01
7.405640997994942243e-01
5.382933444507467247e-01
3.604757321453348484e-01
8.220203769550810113e-01
2.837444893056399464e-01
9.833162757026251422e-01
6.787126544788700810e-01
9.699002256633835195e-01
8.778623399020613061e-01
7.048903057491326951e-01
5.558270375595021351e-01
1.988792453676927752e-01
4.254561748091524875e-01
6.651967514994471253e-01
1.431760920285302663e-01
2.953377243713332101e-01
4.226868317843012202e-01
4.626204077380013380e-01
2.112762475212703328e-01
5.421397545691460929e-01
5.447094971080298498e-01
1.754938715708742047e-01
8.647520572363130986e-01
5.494796247652768972e-01
8.029796685007195567e-01
5.498301768312630067e-01
6.857179601284060788e-02
1.901360403831014734e-01
6.001122924450713603e-01
2.040772357915768276e-01
6.982212488236184678e-01
8.047126890238885666e-02
6.885369965762113686e-01
7.968938832126858385e-01
8.345620404905441658e-01
9.268431802339263115e-01
7.364287960526816335e-01
8.466874236094455719e-02
7.677774692522245648e-01
5.141871784695156711e-01
2.507473137718830292e-01
1.086945898287351164e-01
4.165937406800603315e-01
4.324200069958586412e-01
3.146162804724055850e-01
7.873580150459095206e-01
3.587081352438135085e-01
6.063478187649675721e-01
6.029496713806887787e-01
4.710868574536511422e-02
9.876335868218993896e-01
5.243308883781078178e-01
2.670494473470387264e-01
6.565297254607969091e-01
8.894219005415340273e-01
8.301679201969761612e-01
9.234928709278032999e-01
5.877412576725019600e-01
1.119066357528026995e-01
1.362586522286901858e-01
2.369904195251666401e-01
9.038722550717129822e-01
8.578262925604085432e-01
6.913536571447630175e-02
4.374208583050764321e-01
2.320662168903251388e-01
7.630088471503200520e-02
6.198246360642920560e-01
8.909633561651104650e-01
3.391863769765962044e-01
5.264972652728284741e-01
7.294034650199338055e-01
2.448135152222361277e-01
4.077296337477147592e-01
7.267679235898629742e-01
1.962453630592848053e-01
1.124285986127599030e-01
8.868953952789686568e-01
9.784216687207518692e-01
6.945616346552113685e-01
4.932124228636102226e-01
5.632419650284786750e-01
5.960498012990421701e-01
5.368798197383148896e-01
5.505993684089571794e-01
8.159310890157011054e-01
5.479144062739877974e-01
9.469329483155752847e-01
6.014731202279206546e-01
7.744248163353236736e-01
7.110214612833615222e-01
7.945568777350021650e-01
5.881029007246229012e-01
9.317103273119369256e-01
8.650687842115729609e-01
8.049971924452070660e-02
8.284318903970366854e-01
9.157985918828762673e-01
7.699205916918400346e-03
1.847768855834119039e-01
1.424979509835002656e-01
9.102377159822642172e-01
6.309173447039749805e-01
8.374845491267631781e-01
9.336235077744660105e-01
4.927548279757394956e-01
1.049697671564832624e-01
2.640722772978373323e-01
6.556086925514889030e-01
3.435804278833632375e-01
5.573378926430411218e-01
9.374425976166583796e-01
3.838387209067012917e-01
8.087711716489548452e-01
5.994358672989230641e-01
4.713669480271284185e-01
9.661237704212400912e-01
4.590449413485864216e-01
2.369425216797951539e-01
5.824520422619431370e-01
3.923608274971314702e-01
7.638567542884410200e-01
1.597458637980462004e-01
8.427191925385854043e-01
8.185352953104729767e-02
1.524221402122011293e-01
4.234486991053334481e-01
5.812203662835688789e-01
7.780526447228217624e-01
6.449029842556597281e-01
8.986554516416926930e-01
5.381274111107859914e-01
3.858996733293097448e-01
6.141187041070534924e-01
5.449196421625275288e-01
9.385905160346340592e-01
6.516074054735037091e-01
6.186056657164094030e-01
8.260553038238757084e-01
7.806829782797712891e-01
4.920818100925391514e-01
5.679356602332128467e-01
3.545463512262668759e-01
5.794880234284456311e-01
4.863378521083685374e-02
8.740690032698555934e-01
9.081923277596951616e-01
1.107361247459051207e-01
6.464893227983911084e-01
7.928347311858999769e-01
1.308460088330241078e-01
6.213612317296842574e-02
4.517828207946290586e-01
2.640296954612639801e-01
2.738173341571238373e-01
4.866153689090371159e-01
5.767885891859717562e-01
9.360724187122335671e-01
4.223352060318788515e-01
3.205220037617845935e-02
4.001401923274626182e-01
2.917670109829776925e-01
2.000685215833996333e-01
1.623079061804393042e-01
4.777706496067720687e-01
9.956862902401910631e-01
4.946951016682029079e-01
4.359885562621411692e-01
9.200526612139595661e-01
1.920373981288744092e-01
4.154635767864957585e-01
2.961489487887281613e-01
9.229443997223174545e-02
9.118517156255303568e-01
2.711634017697329702e-01
3.629899922345066659e-04
3.256640136230776195e-01
3.267522044416268368e-01
7.920253823141433225e-01
2.896722052791255164e-01
6.791040229702051123e-01
9.352908383707265738e-01
2.142613543601243620e-01
5.710775335724382895e-01
2.370393871056243884e-01
7.694015844881541000e-01
4.978873145528315280e-01
9.682876284826354152e-02
7.220801167137929077e-01
3.754949671410940382e-01
7.852643904019365184e-01
3.763522938526918382e-02
9.597571439741129362e-01
7.705561769469910782e-01
2.244067554361060812e-01
3.416582226403814815e-01
1.201267877289864394e-01
5.153604001264934231e-01
6.662952755585853648e-01
9.795431715082218993e-01
5.277445849191317873e-01
1.416226705133446229e-01
2.281205013267216530e-01
4.810526869992041155e-01
1.907515896294534608e-01
9.129454047025218344e-01
6.133750670450763831e-01
6.104322283889223044e-01
3.193901744206650295e-01
7.490667719409035419e-01
1.175672623241529324e-01
3.395653621296523816e-01
4.232759828651007639e-01
6.610017325830533919e-01
8.286458207456288694e-01
1.303427064551724024e-01
2.852758728462818083e-01
5.165381827932303827e-01
5.425109552148280612e-01
5.516800174006526447e-01
7.427799263103005423e-01
4.470159322180408679e-02
4.564311276723922450e-01
3.447727045627249076e-01
6.515501486174941626e-01
6.593810695934728683e-01
8.822530177608250979e-02
1.566364311663203390e-01
7.229167027238055931e-01
8.645839959380740014e-01
4.443164497519836997e-01
3.183451115460900760e-01
3.317264346836582556e-01
9.882614036749638453e-01
1.207194245923021436e-01
4.832701840343416322e-01
6.392126670016399226e-01
8.711694793620954336e-01
2.935666708337160147e-01
4.535135166504352666e-01
4.020280049423339275e-01
5.796650721967760989e-01
5.898782307887822096e-01
9.464106633419179238e-01
3.892007653772074360e-01
8.845700388366452005e-01
8.601279595013316959e-01
8.375173381741014556e-01
9.733791673662202104e-01
5.552473844110718953e-02
8.276446892643900544e-01
2.204594560320983776e-01
1.207330996537872292e-01
8.893709395343539770e-01
5.255417602543439592e-01
7.205418997800824288e-01
5.857531720715607459e-01
8.277149168614549302e-01
9.960918352213945504e-01
9.893026452989043262e-01
2.654909047367339237e-01
2.582597527968286122e-01
6.173527630264773886e-02
8.601622804571017189e-02
2.238310513677037664e-02
2.208716909020611296e-01
1.305788421844414904e-01
1.235195898759290506e-01
5.565890213937754738e-02
3.761987303959658802e-02
8.028168859755240305e-01
9.661312596136824027e-01
8.578275930593004528e-01
3.483365634937896638e-01
3.496852849050536283e-01
8.083476912486189381e-01
9.029774038438275197e-01
4.333352223326051439e-02
3.849247727359865756e-01
8.092748153327348204e-01
9.622968668427273053e-01
3.255853507746584996e-01
1.512607466383044941e-01
1.965331553735320258e-01
9.385299166412988670e-02
6.453881061071808922e-01
5.217326014166538684e-02
9.603734177080208712e-02
2.990261922294707997e-01
9.174784154955798465e-01
6.144712371038630883e-01
9.822938693485233630e-01
7.269322726621628705e-01
1.636868778454688977e-01
8.374097187962288302e-01
7.323523291989905148e-01
6.239799760269080231e-01
5.148649538727597674e-01
9.781359353310190574e-01
9.557328730534490890e-02
9.689799814263605482e-01
4.875425265991837898e-01
7.609040033194147679e-01
2.900784574098408952e-01
6.552831464903609016e-01
4.750739811707874183e-01
3.343132416613242563e-01
1.056887489960950111e-01
8.508187012563929175e-01
6.519871061221210740e-01
4.032571043493663465e-01
8.944477081708317456e-01
3.583176233702763114e-02
1.406956453884544989e-01
2.015468816941043129e-01
9.818252808749339255e-01
1.350676375214240332e-01
5.867979150264266419e-01
5.391517348824766964e-01
1.773226719381651717e-01
1.060043599408729137e-01
7.637847122312965142e-01
1.407282594558439404e-01
3.181681818358078062e-01
3.097907992659506421e-02
9.639899842454906498e-01
7.169424299872708684e-01
6.912520973535447588e-01
5.365017544922960901e-01
8.632556421946481207e-01
8.965265250267843156e-01
9.142747219561448979e-01
7.278048496864267802e-01
2.528568846512211851e-02
8.049260337870346449e-01
9.702404074627800634e-01
1.980914870655480498e-01
8.040012227264040634e-01
8.501863415579460348e-01
5.859283224636774312e-01
9.872212422116871666e-01
3.134939725029607660e-02
9.421063762720232049e-01
8.821069972833782691e-01
3.066391480963566799e-02
4.097608788684174996e-01
7.289240107945109681e-01
9.182102445733913987e-01
2.556470979158312340e-01
1.041548444748077035e-01
9.430160783040934802e-02
1.118143943928049111e-01
6.045446145995072573e-01
6.411535703050103008e-01
8.040150245406456619e-01
7.668772625170086066e-01
5.796263561048063950e-01
9.687772949024654467e-01
1.354124824485547773e-01
9.088599171636819740e-01
7.452077097407209250e-01
6.794076740444371376e-01
3.182517735128604919e-01
3.013260779822823365e-01
2.338709925558710503e-02
5.266668021462550531e-01
8.577185486861453878e-01
7.814689708257642753e-01
2.919618474060177715e-01
4.753630313716321054e-01
6.912036226051273546e-01
6.911708040183391910e-01
3.236186528455353706e-01
1.520409854884784487e-02
7.594970244956116279e-01
2.971473789667181120e-01
1.050841040037507612e-01
3.369748769529825605e-01
8.407435328459227364e-01
1.232051020912327058e-02
4.008564757814866986e-01
7.141123172309579159e-01
3.146814102086859521e-01
7.594821278202182890e-01
9.327624427515148753e-01
4.389255466649000792e-01
1.552601192975336386e-01
1.893816164224495502e-01
6.902564564608119069e-01
8.550003794324630979e-01
1.884511928914508333e-02
3.727768345046511556e-01
4.931939671409822923e-01
9.656248490787850969e-01
1.751631522781700034e-01
1.771032494588473671e-01
4.352286316345730516e-02
2.107671319536277565e-01
2.117458252660361917e-01
6.273360262141194355e-01
2.371580858721280549e-01
7.751481073290219515e-01
9.648881257304695591e-01
8.714760819379518964e-01
9.168046373877207778e-01
9.626617077686430157e-01
9.594691756854830667e-01
4.915992264656857819e-02
2.113234348106175220e-01
4.024233065117998054e-01
6.385122504578566449e-01
7.065713677098224288e-01
9.136792349598958918e-01
6.902926558558702963e-02
6.155359830814850497e-01
5.896744321224387519e-01
3.839619705866878507e-01
3.741322967683974876e-01
8.202396609273024941e-01
9.029093510335801653e-01
7.439787219999622891e-01
4.665676981760566444e-01
2.594715728617223993e-01
2.884228723607791811e-01
3.726912630682514549e-01
1.753768554495475362e-01
1.155474005354392014e-01
8.262140712703373024e-01
2.996919499247280294e-02
2.938278078598300369e-01
3.569085661119156261e-01
8.146380389431376878e-01
5.064344420699743443e-01
8.730609623789833407e-01
2.478276000388978523e-03
1.349083396533706514e-01
4.708649009739228064e-01
3.536237248764642072e-01
9.772514111269872128e-01
7.955174642303588506e-01
3.041257373310284340e-01
8.229231132265257820e-01
3.734775971102639036e-01
2.416847669969343082e-01
5.924307465919225191e-01
2.584084358718171659e-01
7.292082661302382585e-01
3.784724747275430845e-01
2.018316566560330594e-01
7.978137701113691138e-01
8.243320556652808939e-01
2.552067139181837807e-01
1.769987717181117914e-01
5.929541718266740924e-01
8.288594294131903517e-01
1.034457543953801878e-01
3.061101688358242590e-01
5.442617266501595941e-01
1.557865834865590215e-01
6.050612958941520292e-01
4.436197533545061661e-02
4.454046080124499651e-01
